627116596
627118075
627380431
627406938
627416406
627422186
627423130
627423788
627426066
635164047
635164909
635165542
635171880
635175060
635181020
635181629
635183759
635372729
635379598
635877584
637376645
637391934
637879438
638669943
639384899
639823919
640280348
641998163
642003769
642004233
642005223
642017770
649854120
649872108
649885060
650835642
651186167
651622245
651642611
652177867
652181613
652198278
652338328
652553675
652558572
652820628
652831062
652990784
653035629
653261000
653269994
653398916
653532457
653543017
653821413
654072736
654074345
654264351
654275734
654287472
654287770
654293958
675610772
676099359
676108149
676332309
676340740
676341090
676558175
676563832
676746014
676746647
676751186
676844334
677182954
679750592
686066956
686072387
686078326
686078366
686173938
686198720
686493604
